Group
0001269
0001307
0000157
0001275
0001289
0001303
0001281
0001295
0001347
0001283
0001277
0001341
0001305
0001285
0000155
0000149
0000139
0001329
0001271
0000131
0000161
0001299
0001301
0000133
0000145
0001297
0000147
0001309
0000159
0001273
0001287
0001355
0001279
0001291
0001339
0000137
0001337
0000135
0001439
0001438
0001441
0001369
0001366
0001368
0001390
0001394
0001401
0001443
0001445
0001447
0001448
0001391
0001402
0001459
0001470
0001471
0001655
0001622
0001621
0001624
0001623
0001626
0001625
0001376
0001377
0001387
0001473
0001474
0001476
0001477
0001657
0001353
0001466
0001468
0001335
0001397
0001404
0001411
0001595
0001392
0001396
0001403
0001410
0001362
0001732
0001479
0001482
0001617
0001487
0001485
0001489
0001491
0001619
0001640
0001648
0001633
0001495
0001493
0001659
0001645
0001498
0001497
0001500
0001504
0001502
0001507
0001509
0001434
0001331
0000163
0000153
0001591
0001319
0001513
0001511
0001518
0001517
0001613
0001521
0001520
0001635
0001710
0001526
0001528
0001712
0001532
0001530
0001714
0001534
0001536
0001639
0001647
0001631
0001540
0001538
0001544
0001542
0001548
0001649
0001632
0001551
0001550
0001553
0001558
0001555
0001557
0001561
0001563
0001560
0001651
0001636
0000151
0001311
0001313
0001321
0000125
0000127
0001568
0001565
0001567
0001571
0001570
0001573
0001654
0001652
0001643
0001415
0001414
0001428
0001427
0001602
0001601
0001594
0001593
0001599
0001597
0001575
0001577
0001653
0001644
0001333
0000129
0000141
0000143
0001581
0001582
0001398
0001584
0001585
0001587
0001589
0001658
0001351
0001325
0001327
0001323
0001450
0001457
